     41477
     41483
     41501
     41514
     41516
     41519
     41542
     41576
     41613
     41624
     41675
     41680
     41717
     41748
     41751
     41780
     41796
     41820
     41840
     41841
     41875
     41879
     41882
     41898
     41904
     41908
     41909
     41961
     41971
     41973
     42050
     42108
     42124
     42172
     42180
     42189
     42190
     42200
     42220
     42238
     42269
     42276
     42307
     42309
     42338
     42346
     42404
     42406
     42421
     42422
     42424
     42460
     42479
     42484
     42529
     42531
     42532
     42541
     42544
     42557
     42568
     42578
     42590
     42603
     42621
     42638
     42649
     42666
     42686
     42696
     42698
     42699
     42714
     42717
     42721
     42733
     42745
     42751
     42795
     42817
     42830
     42845
     42850
     42898
     42900
     42901
     42923
     42948
     42980
     42985
     43019
     43029
     43063
     43079
     43099
     43151
     43193
     43200
     43227
     43259
     43261
     43281
     43288
     43294
     43301
     43305
     43312
     43314
     43323
     43330
     43365
     43400
     43415
     43429
     43503
     43520
     43523
     43527
     43533
     43550
     43573
     43574
     43597
     43610
     43618
     43624
     43643
     43656
     43690
     43692
     43710
     43718
     43720
     43722
     43726
     43733
     43743
     43766
     43806
     43816
     43822
     43829
     43836
     43842
     43853
     43859
     43882
     43893
     43904
     43906
     43937
     43962
     43982
     43995
     44010
     44039
     44042
     44048
     44062
     44068
     44108
     44123
     44129
     44132
     44158
     44184
     44195
     44208
     44217
     44220
     44223
     44260
     44275
     44276
     44290
     44296
     44329
     44357
     44369
     44406
     44410
     44431
     44454
     44474
     44479
     44487
     44508
     44513
     44517
     44521
     44522
     44556
     44568
     44578
     44579
     44581
     44582
     44591
     44633
     44639
     44680
     44735
     44738
     44758
     44791
     44811
     44822
     44839
     44840
     44844
     44847
     44855
     44882
     44883
     44898
     44914
     44970
     45006
     45009
     45025
     45028
     45057
     45124
     45137
     45152
     45176
     45185
     45216
     45223
     45229
     45261
     45262
     45268
     45309
     45310
     45311
     45318
     45337
     45356
     45365
     45366
     45409
     45433
     45462
     45477
     45486
     45491
     45530
     45534
     45558
     45588
     45625
     45628
     45632
     45643
     45649
     45653
     45660
     45671
     45692
     45698
     45701
     45724
     45741
     45755
     45788
     45806
     45811
     45815
     45816
     45819
     45824
     45829
     45858
     45887
     45889
     45891
     45894
     45922
     45936
     45968
     45982
     45997
     46021
     46027
     46036
     46037
     46076
     46081
     46085
     46123
     46129
     46138
     46145
     46184
     46187
     46201
     46203
     46214
     46221
     46228
     46246
     46252
     46255
     46258
     46264
     46275
     46315
     46320
     46343
     46348
     46419
     46420
     46436
     46441
     46467
     46470
     46477
     46491
     46493
     46496
     46497
     46499
     46509
     46525
     46531
     46548
     46559
     46570
     46571
     46589
     46590
     46594
     46597
     46603
     46604
     46620
     46650
     46656
     46704
     46705
     46731
     46741
     46747
     46753
     46786
     46805
     46807
     46814
     46819
     46822
     46831
     46832
     46851
     46870
     46876
     46902
     46926
     46928
     46933
     46940
     46945
     46950
     46963
     46969
     47005
     47010
     47014
     47015
     47024
     47068
     47069
     47070
     47073
     47106
     47141
     47172
     47210
     47212
     47224
     47227
     47233
     47257
     47265
     47266
     47270
     47271
     47274
     47276
     47286
     47304
     47308
     47309
     47310
     47318
     47331
     47335
     47359
     47362
     47363
     47365
     47377
     47388
     47397
     47411
     47414
     47455
     47460
     47499
     47505
     47537
     47567
     47594
     47610
     47636
     47640
     47673
     47740
     47752
     47778
     47793
     47795
     47804
     47808
     47809
     47813
     47814
     47821
     47824
     47851
     47868
     47911
     47935
     47939
     47960
     47962
     47986
     48005
     48006
     48023
     48040
     48051
     48065
     48068
     48069
     48070
     48095
     48133
     48139
     48140
     48153
     48161
     48176
     48196
     48211
     48214
     48223
     48253
     48257
     48337
     48348
     48414
     48427
     48433
     48438
     48450
     48482
     48492
     48496
     48514
     48531
     48536
     48561
     48594
     48622
     48632
     48633
     48658
     48673
     48711
     48715
     48731
     48763
     48820
     48826
     48828
     48844
     48851
     48858
     48864
     48865
     48887
     48889
     48899
     48914
     48940
     48953
     48954
     48968
     48974
     48985
     49001
     49003
     49009
     49050
     49067
     49069
     49086
     49087
     49100
     49106
     49113
     49150
     49151
     49166
     49170
     49177
     49187
     49193
     49196
     49204
     49250
     49295
     49312
     49314
     49323
     49329
     49335
     49390
     49393
     49416
     49420
     49521
     49531
     49546
     49561
     49585
     49593
     49595
     49598
     49609
     49618
     49635
     49641
     49659
     49664
     49670
     49673
     49676
     49702
     49704
     49707
     49719
     49723
     49795
     49799
     49810
     49825
     49828
     49837
     49844
     49849
     49853
     49866
     49879
     49882
     49916
     49934
     49938
     49944
     49985
     49988
     50021
     50029
     50043
     50066
     50084
     50093
     50094
     50101
     50108
     50112
     50145
     50147
     50152
     50205
     50228
     50248
     50267
     50274
     50275
     50280
     50340
     50365
     50370
     50374
     50381
     50383
     50385
     50396
     50418
     50436
     50450
     50454
     50463
     50466
     50476
     50481
     50498
     50507
     50526
     50536
     50545
     50551
     50556
     50565
     50593
     50602
     50603
     50606
     50625
     50641
     50679
     50697
     50698
     50703
     50711
     50714
     50732
     50774
     50779
     50787
     50799
     50823
     50832
     50833
     50860
     50897
     50974
     50975
     51006
     51015
     51018
     51104
     51105
     51107
     51140
     51156
     51158
     51180
     51190
     51195
     51197
     51198
     51204
     51212
     51267
     51273
     51282
     51286
     51299
     51302
     51346
     51347
     51360
     51392
     51395
     51399
     51406
     51417
     51430
     51434
     51446
     51457
     51465
     51472
     51492
     51497
     51509
     51562
     51572
     51575
     51576
     51583
     51592
     51610
     51616
     51628
     51643
     51668
     51690
     51702
     51707
     51711
     51728
     51730
     51747
     51778
     51792
     51819
     51820
     51821
     51828
     51834
     51845
     51861
     51863
     51885
     51889
     51891
     51895
     51900
     51909
     51945
     51957
     51967
     51972
     51976
     52012
     52023
     52039
     52053
     52065
     52081
     52096
     52109
     52134
     52160
     52161
     52162
     52166
     52192
     52198
     52248
     52303
     52308
     52315
     52334
     52337
     52366
     52384
     52414
     52417
     52422
     52444
     52446
     52466
     52490
     52532
     52553
     52561
     52571
     52576
     52579
     52585
     52605
     52606
     52608
     52624
     52632
     52652
     52655
     52660
     52662
     52679
     52682
     52715
     52723
     52736
     52739
     52741
     52747
     52756
     52765
     52808
     52827
     52833
     52839
     52847
     52848
     52882
     52883
     52902
     52921
     53008
     53043
     53055
     53093
     53101
     53114
     53116
     53124
     53142
     53154
     53168
     53171
     53177
     53186
     53193
     53211
     53215
     53222
     53251
     53260
     53262
     53288
     53289
     53294
     53301
     53318
     53342
     53351
     53372
     53415
     53420
     53438
     53444
     53508
     53516
     53518
     53532
     53558
     53569
     53571
     53580
     53589
     53595
     53617
     53637
     53652
     53653
     53714
     53743
     53773
     53790
     53791
     53813
     53822
     53834
     53835
     53846
     53873
     53874
     53884
     53913
     53919
     53933
     53942
     53946
     53947
     53949
     53971
     53995
     54021
     54073
     54104
     54110
     54113
     54133
     54139
     54152
     54160
     54207
     54236
     54259
     54270
     54296
     54312
     54324
     54325
     54342
     54355
     54358
     54392
     54397
     54401
     54423
     54432
     54439
     54446
     54450
     54451
     54456
     54460
     54461
     54467
     54509
     54523
     54539
     54540
     54551
     54554
     54558
     54599
     54601
     54631
     54669
     54698
     54707
     54725
     54738
     54739
     54744
     54745
     54757
     54769
     54771
     54784
     54788
     54803
     54822
     54831
     54861
     54863
     54866
     54911
     54943
     54956
     54958
     54978
     54993
     55000
     55019
     55033
     55047
     55057
     55067
     55069
     55072
     55073
     55097
     55120
     55137
     55174
     55223
     55224
     55234
     55240
     55268
     55272
     55282
     55292
     55301
     55303
     55311
     55332
     55337
     55395
     55411
     55416
     55488
     55493
     55511
     55520
     55553
     55555
     55572
     55592
     55640
     55643
     55666
     55687
     55698
     55701
     55766
     55768
     55837
     55848
     55849
     55855
     55862
     55909
     55920
     55926
     55941
     55944
     55965
     55981
     55992
     56005
     56013
     56028
     56079
     56083
     56090
     56099
     56212
     56245
     56248
     56254
     56257
     56299
     56305
     56339
     56344
     56380
     56382
     56456
     56469
     56488
     56500
     56505
     56520
     56565
     56597
     56599
     56627
     56630
     56633
     56639
     56642
     56649
     56652
     56665
     56685
     56706
     56712
     56725
     56726
     56761
     56766
     56783
     56812
     56824
     56827
     56829
     56831
     56837
     56849
     56851
     56869
     56881
     56891
     56929
     56956
     56960
     56964
     56976
     56985
     56988
     56992
     56993
     57009
     57023
     57031
     57050
     57062
     57111
     57120
     57177
     57181
     57210
     57226
     57237
     57246
     57248
     57272
     57287
     57316
     57330
     57332
     57334
     57343
     57348
     57358
     57418
     57449
     57460
     57474
     57475
     57499
     57512
     57518
     57528
     57530
     57549
     57556
     57569
     57573
     57597
     57598
     57599
     57623
     57634
     57648
     57658
     57675
     57705
     57709
     57713
     57717
     57720
     57744
     57745
     57772
     57775
     57797
     57802
     57813
     57843
     57847
     57869
     57892
     57920
     57927
     57940
     57992
     58024
     58030
     58035
     58045
     58047
     58088
     58111
     58112
     58127
     58137
     58162
     58175
     58201
     58206
     58209
     58220
     58234
     58237
     58265
     58296
     58307
     58316
     58321
     58349
     58385
     58394
     58405
     58419
     58454
     58493
     58494
     58572
     58573
     58576
     58590
     58591
     58603
     58614
     58624
     58639
     58672
     58694
     58714
     58723
     58759
     58779
     58798
     58818
     58845
     58867
     58915
     58927
     58935
     58946
     58996
     58998
     58999
     59000
     59028
     59030
     59070
     59077
     59087
     59105
     59109
     59110
     59117
     59122
     59206
     59223
     59226
     59236
     59239
     59250
     59257
     59304
     59306
     59344
     59348
     59349
     59352
     59386
     59388
     59405
     59419
     59437
     59444
     59522
     59570
     59572
     59580
     59582
     59607
     59612
     59618
     59627
     59644
     59666
     59667
     59688
     59692
     59731
     59733
     59739
     59780
     59816
     59818
     59869
     59881
     59883
     59925
     59932
     59943
     59951
     59972
     59973
     59985
     59989
     59992
     60011
     60062
     60063
     60088
     60101
     60104
     60105
     60116
     60131
     60135
     60138
     60151
     60179
     60183
     60187
     60200
     60220
     60259
     60265
     60270
     60274
     60308
     60316
     60332
     60349
     60357
     60371
     60376
     60400
     60427
     60437
     60444
     60465
     60471
     60551
     60558
     60569
     60601
     60607
     60643
     60650
     60660
     60663
     60668
     60735
     60748
     60754
     60778
     60779
     60800
     60805
     60842
     60854
     60895
     60932
     60940
     60946
     60948
     60956
     60975
     60977
     60978
     60995
     60998
     61006
     61033
     61063
     61078
     61110
     61123
     61126
     61133
     61145
     61183
     61192
     61200
     61207
     61213
     61266
     61308
     61327
     61380
     61382
     61393
     61421
     61429
     61439
     61446
     61459
     61460
     61486
     61507
     61510
     61531
     61550
     61573
     61577
     61578
     61603
     61625
     61652
     61675
     61687
     61693
     61696
     61720
     61764
     61768
     61773
     61809
     61821
     61873
     61880
     61894
     61900
     61904
     61928
     61948
     61949
     61987
     62000
     62048
     62058
     62063
     62079
     62107
     62112
     62117
     62132
     62148
     62160
     62217
     62228
     62233
     62259
     62282
     62307
     62312
     62314
     62317
     62353
     62359
     62366
     62388
     62399
     62413
     62439
     62454
     62517
     62527
     62532
     62539
     62611
     62621
     62650
     62664
     62686
     62693
     62698
     62727
     62732
     62734
     62739
     62747
     62772
     62817
     62820
     62846
     62861
     62882
     62912
     62924
     62928
     62934
     62945
     62947
     62948
     62971
     62976
     62982
     63002
     63010
     63031
     63036
     63094
     63124
     63134
     63137
     63145
     63160
     63172
     63188
     63190
     63198
     63203
     63211
     63215
     63225
     63231
     63236
     63248
     63267
     63276
     63287
     63301
     63313
     63331
     63339
     63377
     63402
     63418
     63474
     63496
     63498
     63502
     63507
     63512
     63529
     63532
     63546
     63553
     63561
     63566
     63579
     63589
     63599
     63633
     63635
     63650
     63664
     63698
     63700
     63708
     63723
     63732
     63733
     63734
     63739
     63762
     63813
     63827
     63830
     63834
     63844
     63862
     63879
     63884
     63887
     63915
     63917
     63964
     63986
     63992
     64013
     64034
     64036
     64063
     64074
     64083
     64102
     64113
     64127
     64128
     64130
     64141
     64142
     64164
     64173
     64176
     64184
     64198
     64206
     64215
     64219
     64221
     64226
     64228
     64231
     64240
     64256
     64301
     64343
     64347
     64362
     64368
     64397
     64459
     64472
     64499
     64501
     64503
     64550
     64559
     64582
     64604
     64611
     64625
     64637
     64640
     64682
     64705
     64709
     64720
     64721
     64727
     64740
     64745
     64785
     64821
     64824
     64854
     64857
     64867
     64870
     64886
     64930
     64931
     64942
     64948
     64961
     64963
     64985
     64993
     65006
     65008
     65012
     65014
     65028
     65046
     65048
     65055
     65056
     65061
     65069
     65126
     65150
     65163
     65164
     65179
     65188
     65189
     65195
     65280
     65289
     65293
     65309
     65316
     65317
     65318
     65326
     65334
     65351
     65352
     65395
     65397
     65403
     65417
     65427
     65481
     65505
     65522
     65561
     65562
     65571
     65594
     65599
     65621
     65625
     65640
     65687
     65705
     65711
     65714
     65736
     65740
     65748
     65751
     65754
     65772
     65838
     65844
     65876
     65877
     65893
     65911
     65994
     65999
     66001
     66057
     66066
     66068
     66070
     66071
     66074
     66075
     66124
     66125
     66140
     66162
     66192
     66210
     66253
     66254
     66293
     66311
     66373
     66377
     66381
     66382
     66396
     66398
     66421
     66422
     66449
     66457
     66458
     66472
     66504
     66513
     66523
     66524
     66533
     66542
     66563
     66597
     66612
     66623
     66628
     66655
     66680
     66712
     66715
     66754
     66757
     66759
     66763
     66781
     66804
     66885
     66893
     66928
     66944
     66958
     66974
     66982
     66984
     66990
     67021
     67049
     67052
     67094
     67159
     67180
     67189
     67194
     67226
     67229
     67243
     67262
     67314
     67339
     67348
     67349
     67361
     67387
     67395
     67400
     67412
     67428
     67457
     67481
     67501
     67509
     67535
     67551
     67555
     67566
     67573
     67586
     67606
     67614
     67620
     67625
     67635
     67647
     67652
     67658
     67666
     67668
     67696
     67700
     67713
     67719
     67721
     67764
     67795
     67832
     67838
     67842
     67848
     67850
     67872
     67894
     67898
     67901
     67930
     67951
     67958
     67970
     67978
     67995
     68012
     68016
     68034
     68046
     68051
     68064
     68073
     68091
     68102
     68120
     68123
     68171
     68176
     68177
     68198
     68275
     68296
     68330
     68367
     68375
     68376
     68377
     68432
     68444
     68464
     68465
     68482
     68495
     68526
     68528
     68536
     68539
     68548
     68550
     68551
     68571
     68582
     68591
     68594
     68614
     68626
     68682
     68689
     68699
     68717
     68733
     68748
     68758
     68772
     68787
     68818
     68823
     68835
     68854
     68864
     68873
     68888
     68902
     68910
     68925
     68934
     68947
     68988
     68992
     69014
     69024
     69032
     69053
     69062
     69077
     69100
     69102
     69141
     69142
     69144
     69149
     69154
     69199
     69250
     69258
     69263
     69272
     69283
     69288
     69328
     69347
     69349
     69350
     69356
     69377
     69388
     69411
     69412
     69419
     69428
     69431
     69451
     69457
     69478
     69486
     69489
     69491
     69506
     69509
     69511
     69528
     69539
     69550
     69552
     69553
     69562
     69622
     69626
     69652
     69660
     69671
     69682
     69689
     69698
     69711
     69776
     69807
     69808
     69812
     69815
     69821
     69832
     69840
     69847
     69848
     69854
     69884
     69891
     69892
     69898
     69921
     69922
     69928
     69941
     69948
     69964
     69965
     69975
     69989
     70010
     70041
     70064
     70066
     70072
     70084
     70164
     70170
     70195
     70200
     70210
     70294
     70312
     70321
     70324
     70330
     70331
     70332
     70336
     70342
     70352
     70355
     70364
     70368
     70391
     70395
     70417
     70425
     70426
     70429
     70443
     70520
     70543
     70599
     70600
     70622
     70641
     70649
     70658
     70664
     70684
     70718
     70728
     70729
     70730
     70739
     70744
     70756
     70766
     70784
     70826
     70835
     70848
     70894
     70900
     70971
     71004
     71021
     71025
     71047
     71062
     71070
     71092
     71103
     71111
     71127
     71135
     71166
     71171
     71176
     71180
     71187
     71219
     71232
     71240
     71242
     71252
     71284
     71292
     71302
     71377
     71388
     71399
     71438
     71468
     71473
     71477
     71511
     71522
     71525
     71527
     71538
     71540
     71559
     71581
     71591
     71604
     71633
     71647
     71678
     71682
     71691
     71708
     71733
     71739
     71773
     71775
     71781
     71787
     71797
     71824
     71832
     71839
     71855
     71862
     71872
     71878
     71897
     71898
     71901
     71915
