     41477
     41483
     41496
     41501
     41514
     41516
     41519
     41524
     41542
     41576
     41611
     41613
     41618
     41624
     41675
     41680
     41699
     41717
     41739
     41748
     41751
     41780
     41796
     41820
     41840
     41841
     41867
     41870
     41875
     41879
     41898
     41904
     41908
     41909
     41961
     41973
     42037
     42050
     42074
     42108
     42124
     42135
     42154
     42172
     42180
     42190
     42200
     42206
     42220
     42238
     42269
     42276
     42307
     42309
     42316
     42321
     42338
     42378
     42404
     42406
     42421
     42422
     42424
     42460
     42479
     42484
     42516
     42529
     42531
     42532
     42541
     42557
     42568
     42578
     42590
     42603
     42613
     42621
     42627
     42629
     42638
     42649
     42663
     42665
     42666
     42696
     42698
     42714
     42717
     42721
     42745
     42749
     42751
     42752
     42795
     42817
     42826
     42830
     42845
     42850
     42898
     42900
     42901
     42904
     42923
     42928
     42948
     42980
     42985
     42991
     43019
     43047
     43063
     43099
     43151
     43186
     43193
     43200
     43227
     43259
     43261
     43281
     43287
     43288
     43301
     43302
     43305
     43312
     43314
     43323
     43330
     43344
     43351
     43365
     43400
     43415
     43429
     43520
     43523
     43527
     43529
     43533
     43558
     43573
     43574
     43575
     43597
     43606
     43610
     43612
     43618
     43624
     43643
     43656
     43684
     43690
     43692
     43702
     43705
     43710
     43718
     43720
     43722
     43726
     43733
     43742
     43743
     43766
     43768
     43775
     43816
     43822
     43825
     43829
     43836
     43838
     43842
     43847
     43852
     43853
     43859
     43882
     43893
     43904
     43906
     43937
     43962
     43971
     43982
     43995
     43999
     44010
     44039
     44042
     44048
     44062
     44068
     44099
     44108
     44120
     44123
     44129
     44132
     44158
     44195
     44208
     44217
     44220
     44223
     44249
     44260
     44275
     44276
     44281
     44290
     44291
     44296
     44329
     44352
     44357
     44369
     44406
     44410
     44433
     44454
     44474
     44479
     44487
     44508
     44511
     44513
     44517
     44521
     44522
     44556
     44578
     44581
     44582
     44591
     44603
     44633
     44639
     44656
     44680
     44735
     44758
     44811
     44822
     44839
     44840
     44844
     44847
     44855
     44882
     44883
     44898
     44914
     44970
     45006
     45009
     45025
     45028
     45035
     45057
     45124
     45155
     45176
     45185
     45216
     45223
     45229
     45261
     45262
     45268
     45309
     45310
     45311
     45313
     45318
     45337
     45356
     45365
     45366
     45433
     45462
     45477
     45484
     45491
     45530
     45534
     45558
     45596
     45625
     45628
     45632
     45643
     45649
     45653
     45660
     45663
     45671
     45675
     45692
     45698
     45701
     45705
     45724
     45741
     45755
     45788
     45806
     45811
     45815
     45816
     45819
     45829
     45840
     45853
     45858
     45887
     45889
     45891
     45894
     45910
     45922
     45936
     45959
     45968
     45982
     45997
     46015
     46021
     46027
     46036
     46037
     46076
     46081
     46085
     46123
     46129
     46138
     46145
     46176
     46184
     46187
     46203
     46214
     46221
     46228
     46246
     46252
     46255
     46264
     46269
     46275
     46293
     46315
     46317
     46320
     46343
     46348
     46385
     46392
     46419
     46420
     46433
     46436
     46441
     46449
     46467
     46470
     46477
     46491
     46493
     46496
     46497
     46499
     46509
     46525
     46531
     46541
     46548
     46559
     46570
     46578
     46579
     46589
     46590
     46597
     46603
     46604
     46620
     46650
     46656
     46704
     46705
     46731
     46741
     46747
     46786
     46805
     46807
     46814
     46819
     46822
     46831
     46832
     46851
     46870
     46876
     46902
     46907
     46928
     46933
     46940
     46945
     46950
     46963
     46969
     46982
     46996
     47001
     47005
     47010
     47014
     47015
     47024
     47068
     47069
     47070
     47073
     47106
     47141
     47169
     47172
     47202
     47206
     47210
     47212
     47224
     47227
     47233
     47254
     47257
     47266
     47270
     47271
     47274
     47276
     47280
     47283
     47286
     47304
     47308
     47309
     47318
     47331
     47335
     47359
     47362
     47363
     47365
     47377
     47380
     47388
     47397
     47414
     47428
     47455
     47460
     47499
     47505
     47567
     47594
     47603
     47610
     47636
     47640
     47673
     47712
     47740
     47752
     47778
     47793
     47795
     47804
     47809
     47813
     47814
     47821
     47825
     47851
     47868
     47935
     47939
     47960
     47962
     47986
     48005
     48006
     48018
     48023
     48040
     48051
     48065
     48068
     48069
     48070
     48095
     48130
     48133
     48140
     48153
     48159
     48161
     48176
     48196
     48211
     48214
     48223
     48253
     48257
     48320
     48337
     48348
     48407
     48414
     48427
     48433
     48438
     48450
     48482
     48492
     48496
     48504
     48514
     48531
     48536
     48543
     48561
     48589
     48622
     48632
     48633
     48642
     48658
     48673
     48711
     48715
     48731
     48746
     48763
     48765
     48820
     48826
     48828
     48844
     48851
     48858
     48864
     48865
     48887
     48889
     48899
     48914
     48940
     48953
     48974
     48985
     49001
     49003
     49009
     49050
     49058
     49067
     49069
     49086
     49087
     49100
     49105
     49106
     49113
     49150
     49151
     49166
     49170
     49177
     49187
     49193
     49196
     49250
     49295
     49312
     49314
     49323
     49335
     49375
     49390
     49393
     49403
     49416
     49420
     49459
     49521
     49531
     49546
     49561
     49585
     49595
     49598
     49618
     49635
     49639
     49641
     49659
     49664
     49670
     49676
     49702
     49704
     49707
     49719
     49723
     49743
     49795
     49799
     49810
     49825
     49828
     49837
     49844
     49849
     49853
     49866
     49879
     49882
     49906
     49916
     49934
     49938
     49944
     49980
     49985
     49988
     50021
     50029
     50043
     50050
     50066
     50084
     50093
     50094
     50102
     50108
     50112
     50145
     50147
     50152
     50205
     50226
     50228
     50241
     50248
     50267
     50274
     50275
     50278
     50280
     50340
     50341
     50342
     50365
     50370
     50374
     50375
     50381
     50383
     50385
     50396
     50418
     50436
     50450
     50454
     50463
     50466
     50476
     50481
     50482
     50487
     50498
     50507
     50526
     50536
     50545
     50551
     50556
     50565
     50593
     50602
     50603
     50606
     50625
     50641
     50658
     50679
     50697
     50698
     50703
     50711
     50714
     50732
     50774
     50779
     50787
     50799
     50813
     50823
     50832
     50833
     50841
     50860
     50888
     50906
     50911
     50974
     50989
     51015
     51018
     51019
     51023
     51094
     51104
     51105
     51140
     51177
     51180
     51190
     51195
     51197
     51198
     51204
     51212
     51248
     51267
     51273
     51282
     51286
     51299
     51302
     51332
     51346
     51347
     51353
     51360
     51392
     51395
     51403
     51406
     51417
     51430
     51434
     51446
     51457
     51465
     51466
     51472
     51492
     51497
     51562
     51572
     51575
     51576
     51583
     51592
     51596
     51610
     51616
     51628
     51635
     51643
     51668
     51690
     51702
     51707
     51711
     51728
     51730
     51747
     51748
     51752
     51783
     51792
     51819
     51820
     51821
     51828
     51834
     51845
     51861
     51863
     51885
     51889
     51891
     51895
     51900
     51909
     51915
     51945
     51957
     51967
     52012
     52023
     52039
     52053
     52054
     52057
     52065
     52081
     52096
     52109
     52134
     52160
     52161
     52162
     52166
     52192
     52198
     52217
     52234
     52248
     52303
     52308
     52315
     52334
     52337
     52341
     52366
     52369
     52384
     52414
     52417
     52422
     52444
     52446
     52466
     52494
     52532
     52541
     52553
     52561
     52565
     52571
     52576
     52577
     52579
     52585
     52597
     52605
     52606
     52608
     52624
     52625
     52632
     52648
     52652
     52655
     52660
     52662
     52679
     52682
     52715
     52723
     52736
     52739
     52741
     52763
     52765
     52808
     52833
     52839
     52847
     52848
     52882
     52883
     52902
     52921
     53008
     53043
     53055
     53093
     53101
     53114
     53116
     53124
     53142
     53154
     53171
     53177
     53201
     53211
     53215
     53219
     53222
     53251
     53260
     53262
     53288
     53289
     53294
     53301
     53318
     53342
     53372
     53415
     53420
     53438
     53444
     53508
     53516
     53518
     53532
     53558
     53569
     53571
     53580
     53589
     53594
     53595
     53617
     53637
     53652
     53653
     53714
     53743
     53759
     53773
     53790
     53791
     53813
     53822
     53834
     53835
     53846
     53873
     53874
     53879
     53884
     53913
     53919
     53933
     53942
     53946
     53947
     53949
     53971
     53995
     54021
     54073
     54104
     54110
     54113
     54124
     54133
     54139
     54152
     54153
     54160
     54207
     54236
     54259
     54270
     54296
     54312
     54324
     54325
     54342
     54355
     54392
     54397
     54401
     54423
     54432
     54439
     54446
     54450
     54456
     54460
     54461
     54467
     54504
     54509
     54523
     54539
     54540
     54551
     54558
     54560
     54599
     54601
     54631
     54644
     54698
     54707
     54725
     54738
     54739
     54744
     54757
     54769
     54771
     54784
     54788
     54803
     54810
     54822
     54831
     54861
     54863
     54866
     54874
     54911
     54943
     54958
     54978
     55000
     55012
     55019
     55033
     55047
     55057
     55067
     55069
     55073
     55097
     55133
     55174
     55208
     55223
     55224
     55234
     55240
     55254
     55268
     55272
     55282
     55292
     55303
     55311
     55324
     55332
     55337
     55395
     55411
     55436
     55479
     55488
     55493
     55511
     55520
     55553
     55555
     55572
     55592
     55640
     55643
     55665
     55666
     55687
     55698
     55701
     55759
     55766
     55768
     55789
     55837
     55848
     55849
     55855
     55862
     55864
     55909
     55918
     55920
     55926
     55941
     55944
     55965
     55981
     55992
     56013
     56028
     56079
     56083
     56090
     56099
     56128
     56163
     56211
     56212
     56245
     56248
     56254
     56262
     56276
     56289
     56299
     56339
     56344
     56352
     56382
     56456
     56469
     56487
     56488
     56500
     56505
     56520
     56565
     56597
     56599
     56624
     56626
     56627
     56630
     56633
     56639
     56642
     56649
     56652
     56659
     56665
     56685
     56706
     56712
     56725
     56726
     56761
     56766
     56812
     56824
     56827
     56829
     56831
     56837
     56849
     56851
     56860
     56866
     56869
     56881
     56891
     56929
     56954
     56956
     56960
     56976
     56985
     56988
     56993
     56999
     57009
     57023
     57028
     57031
     57050
     57062
     57095
     57111
     57120
     57177
     57181
     57210
     57237
     57246
     57248
     57270
     57272
     57273
     57287
     57302
     57316
     57330
     57332
     57334
     57343
     57348
     57358
     57369
     57418
     57449
     57460
     57474
     57475
     57499
     57504
     57512
     57518
     57528
     57530
     57549
     57556
     57569
     57597
     57598
     57599
     57623
     57648
     57651
     57658
     57675
     57709
     57713
     57717
     57720
     57744
     57745
     57772
     57775
     57797
     57802
     57813
     57843
     57847
     57873
     57892
     57920
     57924
     57927
     57940
     57943
     57946
     57976
     57980
     57992
     58008
     58024
     58030
     58035
     58045
     58047
     58088
     58111
     58112
     58127
     58137
     58175
     58201
     58206
     58209
     58220
     58234
     58237
     58265
     58269
     58296
     58307
     58316
     58321
     58385
     58394
     58396
     58405
     58419
     58429
     58454
     58493
     58494
     58520
     58572
     58573
     58576
     58590
     58603
     58614
     58624
     58639
     58656
     58671
     58672
     58683
     58714
     58723
     58724
     58740
     58759
     58779
     58798
     58802
     58818
     58845
     58867
     58915
     58927
     58935
     58946
     58971
     58996
     58998
     59000
     59018
     59028
     59065
     59070
     59077
     59105
     59110
     59111
     59117
     59122
     59141
     59143
     59181
     59206
     59223
     59226
     59236
     59239
     59250
     59257
     59260
     59274
     59306
     59348
     59349
     59352
     59386
     59405
     59406
     59419
     59437
     59444
     59480
     59522
     59541
     59570
     59572
     59578
     59580
     59591
     59607
     59612
     59618
     59627
     59666
     59667
     59688
     59692
     59705
     59731
     59733
     59739
     59780
     59816
     59818
     59863
     59869
     59881
     59908
     59925
     59932
     59943
     59945
     59951
     59972
     59973
     59985
     59989
     59992
     60011
     60047
     60062
     60063
     60077
     60090
     60095
     60101
     60105
     60116
     60124
     60131
     60135
     60151
     60179
     60183
     60187
     60200
     60220
     60229
     60238
     60259
     60265
     60269
     60270
     60274
     60308
     60315
     60316
     60332
     60348
     60349
     60357
     60371
     60376
     60385
     60400
     60427
     60432
     60437
     60465
     60471
     60478
     60489
     60551
     60558
     60569
     60601
     60607
     60643
     60650
     60660
     60667
     60668
     60709
     60734
     60735
     60748
     60754
     60778
     60779
     60800
     60805
     60817
     60842
     60854
     60883
     60895
     60914
     60932
     60940
     60946
     60948
     60951
     60956
     60975
     60977
     60978
     60995
     60998
     61006
     61033
     61078
     61110
     61126
     61133
     61145
     61160
     61183
     61192
     61200
     61213
     61266
     61275
     61308
     61311
     61327
     61377
     61380
     61382
     61393
     61429
     61436
     61439
     61441
     61446
     61459
     61460
     61486
     61507
     61510
     61550
     61577
     61578
     61603
     61625
     61652
     61675
     61687
     61693
     61696
     61720
     61764
     61768
     61775
     61809
     61821
     61873
     61877
     61880
     61894
     61900
     61904
     61928
     61948
     61949
     61987
     62000
     62048
     62058
     62079
     62107
     62108
     62112
     62117
     62132
     62148
     62160
     62211
     62215
     62217
     62228
     62233
     62259
     62282
     62307
     62309
     62312
     62314
     62317
     62353
     62359
     62366
     62368
     62388
     62399
     62413
     62439
     62454
     62517
     62527
     62530
     62532
     62621
     62644
     62650
     62651
     62664
     62686
     62693
     62698
     62714
     62727
     62734
     62739
     62747
     62784
     62808
     62817
     62820
     62846
     62861
     62882
     62924
     62928
     62934
     62945
     62947
     62948
     62971
     62982
     63002
     63010
     63013
     63031
     63036
     63094
     63124
     63134
     63137
     63145
     63160
     63172
     63187
     63188
     63190
     63198
     63203
     63211
     63215
     63225
     63231
     63235
     63236
     63248
     63261
     63267
     63276
     63287
     63288
     63313
     63331
     63339
     63352
     63377
     63402
     63418
     63473
     63474
     63496
     63498
     63502
     63507
     63512
     63529
     63532
     63553
     63566
     63579
     63589
     63599
     63633
     63635
     63650
     63664
     63665
     63683
     63698
     63700
     63708
     63723
     63732
     63734
     63739
     63762
     63801
     63813
     63827
     63830
     63834
     63844
     63879
     63884
     63887
     63909
     63915
     63917
     63964
     63986
     63992
     64013
     64034
     64036
     64055
     64063
     64071
     64074
     64083
     64102
     64113
     64127
     64128
     64130
     64142
     64164
     64173
     64176
     64184
     64198
     64206
     64215
     64221
     64226
     64228
     64231
     64256
     64301
     64305
     64343
     64347
     64362
     64368
     64369
     64390
     64397
     64459
     64472
     64497
     64499
     64501
     64503
     64550
     64559
     64582
     64604
     64611
     64625
     64637
     64640
     64677
     64705
     64709
     64720
     64721
     64727
     64729
     64740
     64745
     64785
     64821
     64824
     64854
     64857
     64858
     64867
     64870
     64886
     64906
     64923
     64930
     64931
     64942
     64946
     64948
     64961
     64976
     64985
     65006
     65008
     65012
     65014
     65027
     65028
     65046
     65048
     65055
     65056
     65061
     65069
     65114
     65126
     65150
     65163
     65179
     65182
     65189
     65195
     65280
     65289
     65293
     65309
     65316
     65317
     65318
     65319
     65326
     65334
     65352
     65374
     65395
     65397
     65403
     65417
     65427
     65447
     65505
     65522
     65561
     65562
     65571
     65594
     65599
     65625
     65633
     65640
     65687
     65705
     65711
     65714
     65736
     65740
     65748
     65751
     65754
     65772
     65838
     65844
     65850
     65876
     65877
     65911
     65994
     65999
     66001
     66057
     66066
     66068
     66070
     66071
     66074
     66075
     66124
     66125
     66140
     66162
     66206
     66210
     66218
     66227
     66254
     66293
     66311
     66373
     66377
     66381
     66382
     66396
     66398
     66421
     66422
     66449
     66457
     66458
     66467
     66472
     66504
     66513
     66523
     66524
     66533
     66542
     66543
     66553
     66563
     66597
     66612
     66623
     66628
     66655
     66656
     66680
     66712
     66715
     66754
     66757
     66759
     66763
     66777
     66781
     66804
     66885
     66893
     66909
     66944
     66974
     66982
     66990
     67021
     67049
     67052
     67094
     67107
     67137
     67180
     67189
     67194
     67201
     67226
     67243
     67250
     67262
     67273
     67314
     67339
     67344
     67348
     67389
     67395
     67400
     67412
     67414
     67428
     67457
     67481
     67487
     67501
     67509
     67535
     67551
     67555
     67566
     67573
     67580
     67586
     67587
     67606
     67614
     67620
     67625
     67635
     67647
     67652
     67658
     67666
     67696
     67700
     67713
     67719
     67721
     67764
     67766
     67795
     67799
     67813
     67832
     67838
     67842
     67850
     67894
     67898
     67901
     67930
     67951
     67958
     67970
     67978
     67991
     67995
     67998
     68012
     68016
     68034
     68046
     68051
     68064
     68073
     68091
     68102
     68120
     68123
     68129
     68137
     68171
     68198
     68275
     68285
     68296
     68330
     68367
     68375
     68376
     68377
     68432
     68444
     68464
     68465
     68482
     68495
     68526
     68528
     68536
     68539
     68548
     68550
     68551
     68569
     68571
     68582
     68591
     68594
     68614
     68626
     68645
     68681
     68682
     68689
     68699
     68717
     68733
     68736
     68748
     68758
     68772
     68787
     68816
     68818
     68823
     68835
     68841
     68854
     68864
     68873
     68888
     68902
     68912
     68925
     68934
     68947
     68988
     68992
     69010
     69014
     69022
     69024
     69032
     69053
     69062
     69077
     69100
     69102
     69114
     69141
     69142
     69144
     69149
     69154
     69199
     69250
     69258
     69263
     69272
     69283
     69284
     69299
     69328
     69333
     69347
     69349
     69350
     69377
     69378
     69388
     69411
     69412
     69419
     69428
     69431
     69449
     69451
     69457
     69478
     69486
     69489
     69506
     69509
     69511
     69528
     69539
     69550
     69552
     69553
     69562
     69622
     69626
     69635
     69660
     69671
     69682
     69689
     69695
     69698
     69711
     69776
     69808
     69812
     69815
     69821
     69832
     69840
     69847
     69854
     69868
     69884
     69891
     69892
     69898
     69906
     69921
     69922
     69928
     69941
     69948
     69964
     69965
     69975
     69985
     69989
     69993
     70010
     70041
     70061
     70064
     70066
     70069
     70072
     70084
     70164
     70170
     70195
     70198
     70200
     70210
     70290
     70294
     70312
     70321
     70324
     70330
     70331
     70332
     70336
     70342
     70352
     70355
     70362
     70364
     70368
     70391
     70395
     70425
     70426
     70429
     70443
     70493
     70520
     70543
     70590
     70599
     70600
     70622
     70641
     70649
     70664
     70670
     70684
     70718
     70728
     70729
     70730
     70739
     70744
     70756
     70765
     70766
     70784
     70785
     70826
     70835
     70848
     70854
     70894
     70900
     70971
     71004
     71021
     71025
     71047
     71062
     71070
     71087
     71092
     71103
     71111
     71127
     71130
     71135
     71152
     71166
     71171
     71176
     71180
     71187
     71202
     71212
     71219
     71232
     71242
     71284
     71292
     71302
     71309
     71377
     71388
     71399
     71401
     71438
     71468
     71473
     71474
     71477
     71522
     71525
     71527
     71534
     71538
     71540
     71542
     71549
     71559
     71581
     71591
     71604
     71633
     71671
     71682
     71691
     71705
     71708
     71720
     71739
     71748
     71773
     71775
     71781
     71787
     71797
     71824
     71832
     71839
     71855
     71861
     71862
     71872
     71897
     71901
     71915
