     41477
     41482
     41483
     41486
     41501
     41509
     41511
     41514
     41516
     41519
     41522
     41542
     41562
     41576
     41598
     41607
     41612
     41613
     41675
     41680
     41702
     41717
     41733
     41739
     41748
     41751
     41753
     41782
     41796
     41838
     41840
     41841
     41865
     41870
     41875
     41882
     41898
     41908
     41946
     41948
     41961
     41971
     41984
     41991
     42004
     42035
     42048
     42050
     42075
     42098
     42103
     42108
     42123
     42135
     42154
     42160
     42165
     42167
     42172
     42180
     42189
     42206
     42217
     42220
     42238
     42260
     42263
     42269
     42275
     42283
     42287
     42297
     42307
     42318
     42329
     42338
     42346
     42368
     42393
     42396
     42404
     42406
     42421
     42422
     42432
     42453
     42479
     42482
     42484
     42490
     42529
     42541
     42544
     42557
     42568
     42612
     42621
     42627
     42629
     42649
     42665
     42668
     42678
     42696
     42698
     42699
     42714
     42721
     42728
     42733
     42745
     42749
     42751
     42752
     42759
     42788
     42817
     42818
     42830
     42842
     42845
     42850
     42898
     42900
     42901
     42904
     42923
     42948
     42980
     42985
     43015
     43019
     43031
     43036
     43047
     43077
     43097
     43099
     43111
     43114
     43151
     43168
     43193
     43204
     43210
     43214
     43235
     43259
     43261
     43281
     43288
     43294
     43300
     43301
     43302
     43330
     43344
     43365
     43384
     43415
     43445
     43452
     43484
     43520
     43550
     43573
     43574
     43597
     43599
     43610
     43618
     43624
     43656
     43682
     43683
     43692
     43705
     43710
     43720
     43738
     43743
     43748
     43757
     43764
     43792
     43813
     43816
     43825
     43827
     43829
     43830
     43836
     43842
     43847
     43852
     43864
     43867
     43882
     43887
     43893
     43906
     43923
     43937
     43945
     43995
     43999
     44010
     44042
     44068
     44108
     44123
     44129
     44132
     44156
     44158
     44180
     44190
     44195
     44203
     44206
     44208
     44217
     44220
     44223
     44229
     44233
     44249
     44260
     44261
     44275
     44276
     44290
     44296
     44307
     44329
     44333
     44352
     44379
     44401
     44406
     44410
     44433
     44450
     44454
     44456
     44462
     44474
     44487
     44508
     44513
     44517
     44521
     44522
     44528
     44540
     44556
     44568
     44578
     44579
     44603
     44633
     44639
     44648
     44656
     44680
     44703
     44719
     44720
     44735
     44738
     44758
     44807
     44826
     44839
     44847
     44855
     44857
     44866
     44876
     44882
     44883
     44914
     44916
     44934
     44960
     44984
     44987
     45009
     45023
     45028
     45057
     45060
     45109
     45137
     45152
     45176
     45190
     45215
     45216
     45223
     45233
     45262
     45267
     45268
     45278
     45309
     45310
     45311
     45314
     45318
     45319
     45321
     45356
     45365
     45366
     45368
     45407
     45433
     45437
     45445
     45451
     45458
     45462
     45477
     45483
     45491
     45492
     45504
     45530
     45534
     45535
     45550
     45558
     45588
     45596
     45625
     45628
     45632
     45649
     45653
     45660
     45663
     45664
     45675
     45685
     45692
     45698
     45705
     45712
     45724
     45741
     45754
     45755
     45785
     45788
     45811
     45815
     45816
     45819
     45840
     45853
     45858
     45882
     45886
     45887
     45889
     45894
     45896
     45901
     45910
     45922
     45926
     45933
     45936
     45960
     45973
     45977
     45984
     45989
     45992
     46011
     46017
     46021
     46036
     46037
     46057
     46076
     46078
     46085
     46097
     46098
     46111
     46112
     46123
     46129
     46138
     46149
     46158
     46167
     46171
     46176
     46180
     46184
     46187
     46201
     46203
     46214
     46217
     46221
     46228
     46246
     46252
     46255
     46258
     46264
     46269
     46275
     46293
     46315
     46317
     46320
     46334
     46343
     46346
     46348
     46359
     46363
     46367
     46388
     46392
     46419
     46420
     46433
     46436
     46458
     46465
     46470
     46491
     46493
     46496
     46497
     46499
     46509
     46522
     46531
     46536
     46543
     46575
     46579
     46590
     46594
     46597
     46604
     46616
     46627
     46629
     46650
     46651
     46656
     46668
     46674
     46704
     46731
     46756
     46778
     46781
     46784
     46805
     46807
     46819
     46832
     46851
     46909
     46911
     46927
     46928
     46933
     46936
     46940
     46950
     46961
     46963
     46969
     46999
     47005
     47010
     47014
     47024
     47028
     47068
     47069
     47070
     47073
     47106
     47117
     47141
     47212
     47217
     47224
     47233
     47254
     47257
     47270
     47273
     47276
     47277
     47286
     47304
     47308
     47318
     47321
     47331
     47332
     47335
     47337
     47352
     47363
     47365
     47380
     47388
     47394
     47397
     47399
     47411
     47421
     47455
     47460
     47493
     47499
     47505
     47588
     47594
     47603
     47610
     47636
     47637
     47661
     47673
     47712
     47725
     47740
     47752
     47757
     47778
     47793
     47809
     47813
     47814
     47821
     47824
     47825
     47837
     47851
     47872
     47874
     47904
     47911
     47947
     47960
     47962
     47963
     47979
     47986
     48018
     48023
     48040
     48061
     48065
     48068
     48069
     48086
     48097
     48107
     48133
     48140
     48146
     48153
     48159
     48162
     48167
     48176
     48177
     48196
     48200
     48211
     48214
     48217
     48248
     48253
     48257
     48271
     48277
     48297
     48314
     48320
     48337
     48350
     48365
     48414
     48425
     48427
     48433
     48438
     48450
     48476
     48492
     48503
     48504
     48531
     48537
     48543
     48557
     48561
     48571
     48589
     48605
     48622
     48623
     48629
     48632
     48633
     48642
     48710
     48729
     48731
     48763
     48765
     48820
     48821
     48826
     48844
     48851
     48858
     48859
     48864
     48865
     48887
     48889
     48917
     48919
     48939
     48949
     48954
     48968
     48974
     48985
     49003
     49009
     49012
     49058
     49067
     49076
     49080
     49084
     49086
     49087
     49095
     49100
     49105
     49106
     49113
     49127
     49136
     49149
     49150
     49166
     49170
     49177
     49181
     49187
     49196
     49204
     49216
     49247
     49269
     49312
     49314
     49323
     49324
     49329
     49335
     49374
     49375
     49391
     49392
     49405
     49416
     49459
     49521
     49540
     49546
     49563
     49573
     49618
     49638
     49639
     49641
     49659
     49664
     49670
     49673
     49682
     49704
     49719
     49723
     49732
     49741
     49743
     49770
     49785
     49795
     49821
     49825
     49828
     49832
     49837
     49843
     49853
     49860
     49866
     49887
     49906
     49912
     49916
     49938
     49944
     49971
     50012
     50015
     50021
     50029
     50043
     50050
     50084
     50087
     50093
     50099
     50101
     50108
     50112
     50113
     50140
     50147
     50169
     50205
     50206
     50221
     50228
     50248
     50274
     50275
     50276
     50279
     50304
     50340
     50342
     50346
     50365
     50374
     50375
     50380
     50383
     50385
     50390
     50396
     50424
     50436
     50441
     50450
     50466
     50476
     50481
     50482
     50487
     50528
     50537
     50545
     50556
     50567
     50603
     50606
     50638
     50641
     50644
     50658
     50665
     50679
     50688
     50703
     50714
     50732
     50747
     50774
     50779
     50813
     50832
     50833
     50855
     50856
     50864
     50892
     50911
     50949
     50974
     50975
     50985
     50989
     51006
     51009
     51018
     51019
     51088
     51110
     51131
     51137
     51140
     51141
     51144
     51158
     51180
     51183
     51195
     51197
     51203
     51204
     51212
     51248
     51267
     51273
     51282
     51286
     51302
     51304
     51319
     51346
     51347
     51360
     51396
     51406
     51417
     51422
     51430
     51434
     51466
     51472
     51492
     51497
     51562
     51568
     51576
     51581
     51583
     51592
     51616
     51623
     51635
     51643
     51645
     51656
     51668
     51690
     51694
     51702
     51707
     51711
     51728
     51730
     51747
     51752
     51778
     51783
     51792
     51819
     51820
     51834
     51861
     51863
     51885
     51889
     51895
     51909
     51957
     51967
     51972
     51976
     52012
     52023
     52039
     52053
     52057
     52065
     52069
     52078
     52081
     52096
     52109
     52113
     52119
     52123
     52134
     52160
     52166
     52183
     52192
     52195
     52197
     52198
     52212
     52214
     52234
     52243
     52248
     52271
     52284
     52315
     52332
     52334
     52337
     52363
     52366
     52369
     52384
     52392
     52414
     52422
     52437
     52446
     52466
     52490
     52494
     52532
     52543
     52553
     52561
     52565
     52571
     52575
     52576
     52577
     52585
     52597
     52608
     52624
     52632
     52645
     52648
     52655
     52660
     52679
     52682
     52688
     52691
     52715
     52721
     52723
     52736
     52739
     52741
     52759
     52763
     52773
     52795
     52808
     52814
     52827
     52833
     52839
     52847
     52852
     52864
     52882
     52883
     52907
     52935
     52952
     53004
     53025
     53043
     53045
     53055
     53093
     53096
     53102
     53121
     53124
     53142
     53171
     53178
     53186
     53198
     53201
     53207
     53211
     53215
     53222
     53242
     53251
     53254
     53272
     53276
     53288
     53289
     53294
     53301
     53330
     53415
     53420
     53443
     53502
     53508
     53518
     53532
     53535
     53548
     53558
     53569
     53571
     53595
     53616
     53617
     53620
     53622
     53637
     53652
     53701
     53730
     53732
     53743
     53746
     53756
     53759
     53762
     53773
     53775
     53777
     53790
     53791
     53807
     53837
     53842
     53846
     53879
     53884
     53895
     53903
     53919
     53920
     53933
     53942
     53946
     53947
     53949
     53963
     53971
     53995
     54010
     54021
     54048
     54104
     54113
     54133
     54139
     54152
     54160
     54232
     54259
     54291
     54296
     54312
     54324
     54325
     54355
     54370
     54375
     54392
     54397
     54399
     54401
     54422
     54439
     54450
     54456
     54458
     54460
     54467
     54470
     54482
     54509
     54523
     54532
     54533
     54539
     54540
     54551
     54554
     54558
     54580
     54601
     54610
     54612
     54631
     54644
     54669
     54683
     54698
     54707
     54720
     54738
     54739
     54744
     54760
     54769
     54770
     54771
     54784
     54788
     54803
     54810
     54839
     54861
     54865
     54866
     54900
     54903
     54921
     54932
     54943
     54958
     54972
     54993
     55000
     55003
     55019
     55033
     55047
     55057
     55067
     55069
     55072
     55073
     55102
     55150
     55174
     55180
     55202
     55208
     55212
     55224
     55234
     55254
     55272
     55282
     55289
     55295
     55298
     55301
     55306
     55311
     55319
     55352
     55360
     55395
     55411
     55413
     55416
     55436
     55464
     55493
     55511
     55520
     55547
     55553
     55555
     55572
     55578
     55649
     55662
     55665
     55666
     55678
     55687
     55698
     55701
     55759
     55760
     55766
     55798
     55812
     55844
     55849
     55855
     55862
     55885
     55886
     55909
     55918
     55920
     55926
     55927
     55941
     55944
     55965
     55974
     56028
     56067
     56079
     56083
     56088
     56109
     56128
     56163
     56236
     56248
     56254
     56262
     56288
     56289
     56299
     56309
     56334
     56339
     56344
     56361
     56382
     56411
     56456
     56469
     56475
     56479
     56487
     56488
     56500
     56508
     56543
     56565
     56569
     56570
     56597
     56599
     56626
     56627
     56630
     56633
     56639
     56647
     56650
     56652
     56665
     56685
     56696
     56698
     56703
     56706
     56712
     56725
     56766
     56767
     56784
     56789
     56794
     56814
     56824
     56827
     56829
     56831
     56837
     56851
     56866
     56869
     56877
     56916
     56921
     56954
     56956
     56960
     56964
     56976
     56988
     57009
     57023
     57028
     57050
     57062
     57095
     57100
     57111
     57120
     57146
     57164
     57177
     57179
     57181
     57210
     57248
     57273
     57304
     57309
     57316
     57330
     57332
     57343
     57358
     57369
     57413
     57418
     57449
     57460
     57475
     57489
     57499
     57512
     57516
     57518
     57526
     57541
     57542
     57556
     57569
     57573
     57597
     57598
     57608
     57623
     57658
     57667
     57697
     57713
     57717
     57720
     57744
     57775
     57785
     57797
     57802
     57813
     57843
     57855
     57869
     57873
     57892
     57920
     57927
     57940
     57959
     57965
     57985
     58024
     58027
     58030
     58035
     58045
     58047
     58088
     58111
     58112
     58127
     58130
     58135
     58137
     58166
     58206
     58207
     58209
     58220
     58237
     58291
     58296
     58307
     58316
     58321
     58322
     58343
     58385
     58392
     58393
     58394
     58396
     58405
     58419
     58429
     58442
     58444
     58447
     58458
     58474
     58484
     58488
     58493
     58507
     58520
     58567
     58572
     58573
     58590
     58593
     58603
     58607
     58618
     58624
     58626
     58630
     58647
     58656
     58671
     58683
     58709
     58764
     58779
     58789
     58792
     58797
     58798
     58802
     58818
     58841
     58864
     58867
     58870
     58871
     58873
     58877
     58879
     58895
     58913
     58915
     58922
     58945
     58946
     58947
     58972
     58978
     58986
     58996
     59000
     59002
     59077
     59091
     59095
     59102
     59105
     59106
     59109
     59110
     59122
     59125
     59133
     59141
     59185
     59206
     59213
     59223
     59226
     59236
     59239
     59250
     59251
     59257
     59260
     59291
     59298
     59348
     59352
     59371
     59392
     59399
     59405
     59406
     59412
     59419
     59420
     59444
     59464
     59514
     59515
     59516
     59537
     59570
     59578
     59591
     59618
     59626
     59627
     59644
     59659
     59666
     59667
     59688
     59704
     59707
     59731
     59733
     59739
     59754
     59760
     59780
     59788
     59803
     59809
     59816
     59818
     59855
     59862
     59869
     59873
     59881
     59908
     59911
     59935
     59943
     59945
     59972
     59989
     59992
     59996
     60011
     60062
     60063
     60088
     60090
     60101
     60104
     60105
     60124
     60131
     60138
     60143
     60148
     60151
     60163
     60179
     60183
     60187
     60198
     60220
     60231
     60238
     60251
     60265
     60269
     60270
     60274
     60308
     60316
     60328
     60332
     60344
     60349
     60351
     60364
     60371
     60374
     60400
     60406
     60427
     60444
     60456
     60465
     60471
     60477
     60502
     60506
     60556
     60569
     60583
     60601
     60607
     60643
     60660
     60663
     60667
     60668
     60700
     60713
     60735
     60748
     60754
     60779
     60799
     60817
     60842
     60848
     60877
     60883
     60895
     60896
     60914
     60940
     60948
     60951
     60958
     60975
     60976
     60977
     60978
     60998
     61026
     61033
     61053
     61063
     61078
     61102
     61133
     61140
     61144
     61145
     61160
     61178
     61183
     61194
     61200
     61204
     61207
     61213
     61239
     61242
     61248
     61253
     61261
     61266
     61308
     61326
     61327
     61329
     61336
     61342
     61353
     61372
     61373
     61377
     61380
     61393
     61407
     61414
     61421
     61429
     61430
     61436
     61439
     61459
     61460
     61479
     61486
     61501
     61510
     61514
     61531
     61548
     61550
     61561
     61571
     61577
     61588
     61603
     61625
     61652
     61667
     61675
     61682
     61683
     61686
     61687
     61693
     61706
     61707
     61764
     61773
     61775
     61808
     61809
     61821
     61873
     61880
     61894
     61904
     61907
     61914
     61928
     61949
     61957
     61960
     61962
     61987
     62000
     62048
     62058
     62076
     62091
     62107
     62109
     62112
     62117
     62122
     62132
     62160
     62178
     62209
     62215
     62217
     62221
     62228
     62248
     62264
     62265
     62307
     62309
     62312
     62314
     62317
     62353
     62359
     62366
     62368
     62377
     62388
     62397
     62399
     62419
     62422
     62439
     62454
     62474
     62491
     62515
     62522
     62527
     62530
     62539
     62587
     62597
     62611
     62612
     62635
     62664
     62673
     62686
     62689
     62693
     62714
     62727
     62734
     62739
     62747
     62784
     62817
     62820
     62845
     62861
     62864
     62900
     62924
     62928
     62935
     62937
     62945
     62948
     62982
     62985
     63002
     63010
     63013
     63036
     63094
     63124
     63137
     63145
     63170
     63187
     63188
     63190
     63198
     63203
     63211
     63212
     63213
     63215
     63222
     63225
     63231
     63248
     63254
     63263
     63287
     63288
     63331
     63349
     63352
     63377
     63418
     63435
     63449
     63473
     63474
     63498
     63499
     63504
     63512
     63524
     63529
     63532
     63553
     63554
     63566
     63579
     63589
     63602
     63632
     63633
     63635
     63664
     63665
     63680
     63683
     63700
     63723
     63731
     63732
     63733
     63734
     63739
     63752
     63762
     63805
     63806
     63813
     63827
     63834
     63838
     63845
     63862
     63879
     63884
     63887
     63909
     63911
     63915
     63916
     63917
     63936
     63954
     63957
     63986
     63992
     64013
     64034
     64036
     64055
     64063
     64083
     64102
     64113
     64122
     64127
     64130
     64142
     64161
     64164
     64173
     64176
     64179
     64184
     64215
     64219
     64226
     64228
     64231
     64256
     64301
     64305
     64343
     64347
     64362
     64364
     64368
     64369
     64419
     64459
     64472
     64473
     64475
     64497
     64499
     64501
     64503
     64530
     64536
     64540
     64559
     64582
     64604
     64606
     64620
     64625
     64637
     64639
     64640
     64709
     64720
     64721
     64734
     64740
     64742
     64785
     64789
     64821
     64824
     64839
     64854
     64857
     64886
     64923
     64930
     64942
     64948
     64961
     64963
     64976
     64979
     64985
     65009
     65012
     65014
     65028
     65046
     65048
     65056
     65069
     65071
     65074
     65085
     65098
     65126
     65135
     65143
     65150
     65163
     65164
     65179
     65188
     65189
     65195
     65220
     65280
     65289
     65293
     65297
     65316
     65317
     65318
     65326
     65328
     65334
     65339
     65351
     65352
     65374
     65384
     65395
     65398
     65399
     65417
     65427
     65446
     65460
     65474
     65476
     65503
     65505
     65506
     65525
     65561
     65562
     65571
     65599
     65621
     65625
     65635
     65640
     65645
     65669
     65670
     65687
     65705
     65711
     65713
     65714
     65736
     65740
     65748
     65751
     65758
     65772
     65773
     65781
     65835
     65837
     65838
     65844
     65850
     65876
     65878
     65885
     65893
     65911
     65994
     65999
     66001
     66068
     66070
     66071
     66093
     66095
     66124
     66140
     66192
     66196
     66206
     66207
     66210
     66227
     66253
     66254
     66268
     66270
     66283
     66293
     66311
     66323
     66326
     66331
     66347
     66355
     66373
     66377
     66381
     66382
     66396
     66399
     66405
     66429
     66443
     66444
     66448
     66449
     66457
     66458
     66503
     66504
     66524
     66542
     66543
     66553
     66569
     66573
     66594
     66597
     66612
     66623
     66635
     66655
     66680
     66701
     66710
     66712
     66715
     66728
     66759
     66763
     66777
     66781
     66785
     66796
     66804
     66885
     66893
     66901
     66918
     66920
     66928
     66942
     66944
     66946
     66974
     66990
     67002
     67025
     67026
     67037
     67047
     67049
     67094
     67137
     67144
     67159
     67180
     67189
     67197
     67201
     67209
     67226
     67236
     67243
     67273
     67276
     67314
     67326
     67332
     67339
     67348
     67349
     67361
     67362
     67363
     67373
     67395
     67400
     67454
     67457
     67462
     67481
     67489
     67501
     67509
     67520
     67527
     67535
     67551
     67555
     67571
     67592
     67598
     67606
     67614
     67625
     67635
     67647
     67652
     67665
     67666
     67668
     67696
     67700
     67703
     67713
     67714
     67719
     67740
     67764
     67782
     67795
     67799
     67813
     67832
     67833
     67838
     67842
     67850
     67854
     67865
     67885
     67894
     67898
     67958
     67970
     67978
     67991
     67995
     68008
     68010
     68012
     68016
     68034
     68064
     68073
     68091
     68102
     68115
     68118
     68129
     68135
     68171
     68198
     68213
     68217
     68263
     68275
     68283
     68296
     68301
     68330
     68331
     68341
     68356
     68376
     68377
     68416
     68432
     68438
     68447
     68453
     68464
     68494
     68495
     68506
     68525
     68526
     68528
     68531
     68536
     68551
     68553
     68567
     68569
     68571
     68582
     68591
     68614
     68645
     68676
     68679
     68681
     68682
     68689
     68696
     68699
     68717
     68733
     68772
     68787
     68794
     68818
     68823
     68841
     68854
     68864
     68873
     68884
     68902
     68920
     68925
     68947
     68949
     68966
     68988
     68992
     69007
     69014
     69024
     69032
     69047
     69053
     69077
     69102
     69107
     69114
     69141
     69142
     69144
     69154
     69168
     69199
     69203
     69205
     69208
     69250
     69258
     69264
     69272
     69284
     69388
     69402
     69411
     69412
     69425
     69431
     69433
     69455
     69478
     69489
     69506
     69509
     69511
     69523
     69528
     69539
     69547
     69552
     69562
     69596
     69622
     69626
     69658
     69660
     69671
     69682
     69684
     69689
     69695
     69698
     69711
     69743
     69776
     69777
     69807
     69812
     69831
     69832
     69847
     69848
     69854
     69864
     69866
     69884
     69891
     69892
     69898
     69906
     69911
     69922
     69928
     69941
     69948
     69964
     69965
     69989
     69993
     70050
     70055
     70059
     70064
     70072
     70084
     70088
     70160
     70161
     70170
     70183
     70195
     70200
     70210
     70228
     70248
     70255
     70263
     70268
     70293
     70294
     70299
     70312
     70317
     70324
     70326
     70330
     70331
     70332
     70336
     70342
     70349
     70352
     70355
     70362
     70364
     70368
     70381
     70389
     70417
     70420
     70425
     70426
     70443
     70446
     70493
     70494
     70498
     70520
     70525
     70529
     70543
     70577
     70599
     70600
     70622
     70633
     70641
     70664
     70670
     70674
     70684
     70721
     70729
     70730
     70739
     70753
     70761
     70766
     70785
     70794
     70826
     70894
     70916
     70933
     70971
     70973
     70995
     71021
     71025
     71047
     71059
     71062
     71072
     71087
     71103
     71111
     71130
     71135
     71166
     71176
     71219
     71232
     71252
     71278
     71284
     71292
     71310
     71377
     71382
     71388
     71399
     71438
     71468
     71473
     71477
     71511
     71522
     71525
     71527
     71530
     71538
     71540
     71542
     71549
     71559
     71569
     71574
     71581
     71591
     71604
     71633
     71650
     71691
     71702
     71704
     71708
     71709
     71728
     71739
     71748
     71760
     71773
     71775
     71777
     71781
     71787
     71789
     71802
     71811
     71824
     71826
     71839
     71855
     71872
     71877
     71897
     71901
